0 -2.26982e-05   7.2786e-05  1.74147e-05 0.393352 0.918278 -1.83565e-05 0.0451722
1  0.00731021  -0.0347979 -0.00307645 0.279114 0.958469 0.0154302 0.0565112
2 0.00473924 -0.0382115 0.00721853 0.173669 0.983599 0.00951825 0.0477648
3  0.0117582 -0.0199403 0.00787947 0.0688314 0.996512 0.00744091 0.0465869
4  0.00520751  -0.0359241 0.000754329 -0.0570437 0.997632 0.00466271 0.0381481
5 -0.00895313  -0.0493229 -0.00567181 -0.180443 0.981796 0.0311555 0.050452
6   0.0108207  -0.0740126 0.000663604 -0.290718 0.955332 0.0372712 0.0378662
7    0.0149812   -0.0721769 -0.000487689 -0.385099 0.922088 0.0219345 0.0311758
8   0.0097879  -0.0929635 -0.00276999 -0.512614 0.856755 0.0401902 0.0397722
9   0.0185174    -0.10972 -0.00462084 -0.617209 0.785281 0.0351572 0.0339345
10   0.0206515   -0.141113 -0.00696151 0.708716 -0.702754 -0.0516842 -0.0344514
11  0.0180149   -0.16454 0.00236167 0.790398 -0.610846 -0.0327941 -0.0325891
12  0.0784782  -0.166201 0.00106562 0.855044 -0.515863 -0.0527663 0.000777244
13  0.0366347  -0.184275 0.00377488 0.778912 -0.625592 -0.0372546 -0.0233157
14 -0.00884821   -0.174554    0.004147 -0.693323 0.718745 0.0358329 0.0377544
15   0.0118157   -0.175773 -0.00949866 -0.609208 0.790345 0.0512976 0.0398643
16  0.0308129  -0.171604 0.00739373 -0.488161 0.870922 0.0438131 0.0356916
17 0.000337997   -0.149522 -0.00186594 -0.3789 0.922839 0.0208414 0.0660986
18 0.00367247  -0.128218  0.0047405 -0.261145 0.963459 0.0239619 0.0545524
19 0.0251944 -0.165058  0.001206 -0.151064 0.986004 0.0470959 0.0525077
20  0.0339241  -0.143115 0.00183809 -0.0149191 0.99855 0.0106013 0.0506347
21  0.0558305 -0.0994699 0.00537053 0.118855 0.991659 -0.00640962 0.0494515
22 0.0551617 -0.154242 0.0089353 0.261068 0.963705 0.0146061 0.053887
23   0.105488  -0.116841 0.00425149 0.377583 0.924645 -0.0314799 0.038349
24 0.0859051 -0.162611 0.0135144 0.490748 0.869927 0.000829721 0.0489181
25  0.140505 -0.165583  0.012564 0.584868 0.810495 -0.0169954 0.027181
26  0.0669208  -0.187372 0.00147771 0.465272 0.883447 0.0083036 0.0545456
27   0.0678643   -0.178068 -0.00100773 0.354802 0.933304 0.000563752 0.0553147
28  0.0568391   -0.14758 0.00973801 0.179557 0.980709 -0.0233873 0.0736352
29  0.0448345  -0.192957 0.00152951 0.0208865 0.997333 0.0084252 0.0694264
30  0.0326316  -0.232683 0.00492025 -0.107638 0.991212 0.0378377 0.0669447
31    0.0136611    -0.200735 -0.000873817 -0.267444 0.962004 0.00579761 0.0546622
32 -0.00578089   -0.201924 0.000549489 -0.382376 0.921825 0.010743 0.0625502
33 -0.0646496  -0.381994 0.00103492 -0.505765 0.860371 0.0260621 0.0573022
34  -0.066245  -0.471226 -0.0108674 -0.615291 0.784208 0.0605024 0.052677
35  -0.0266866   -0.638551 -0.00416883 -0.700018 0.71195 0.0524846 0.0186028
36  0.0169585   -1.66529 -0.0111123 0.741777 -0.666356 -0.0632679 -0.0416266
37 -0.00158976    -1.82118  -0.0186782 -0.669919 0.740054 0.0374774 0.0460857
38  0.0233876   -2.62213 -0.0113497 0.746419 -0.663843 -0.0451284 -0.0115968
39   0.0118167    -2.66189 -0.00409241 0.84086 -0.536587 -0.057693 -0.041232
40  0.0480255   -2.62933 -0.0118586 0.910729 -0.409223 -0.0557649 0.000104722
41   0.0686647    -2.62946 -0.00718193 0.955943 -0.287894 -0.0561479 0.0117432
42   0.0787946    -2.67748 -0.00658024 0.992078 -0.111868 -0.0532728 -0.0207297
43    0.108272    -2.66615 -0.00748411 0.996313 0.0566957 -0.064322 -0.0029356
44    1.10304   -2.41269 -0.0125253 0.98758 0.147929 -0.0343502 0.0402766
45    1.34859   -2.40694 -0.0144647 0.99837 0.0381686 -0.0424191 -0.00122008
46     1.6177    -2.3509 -0.0107738 0.986126 0.146333 -0.0708137 0.0335671
47     1.93693    -2.29697 -0.00808071 0.99853 0.0391155 -0.0367763 -0.00739089
48    2.24592   -2.20888 -0.0185613 0.986449 0.150558 -0.05133 0.0401946
49    2.53111   -2.18026 -0.0130932 0.998318 0.0366943 -0.0447296 -0.00373119
50    2.83564   -2.11632 -0.0101839 0.98777 0.143199 -0.0499142 0.0362307
51    3.06238   -2.08626 0.00747527 0.997434 0.0400126 -0.0587402 0.0085482
52     3.40752      -2.044 -0.00580836 0.988079 0.142927 -0.0456559 0.0344598
53   3.64069  -2.00905 0.0127914 0.997761 0.0354677 -0.0562689 0.00704986
54   4.39545  -1.93304 0.0205025 0.982025 0.176502 -0.0657476 0.0123008
55     4.4864   -1.80756 0.00821763 0.958396 0.278096 -0.028477 0.0576898
56   5.24241  -1.40011 0.0100563 0.983749 0.174665 -0.0394644 0.0131338
57    5.51332   -1.25767 0.00984381 0.958973 0.274866 -0.0490932 0.0490803
58   5.69992  -1.14368 0.0287149 0.985979 0.155583 -0.0526244 0.0295118
59   6.69276 -0.916537 0.0338866 0.990786 0.11755 -0.059373 0.0316105
60   7.28657 -0.787176  0.044032 0.999287 0.0100768 -0.0322943 0.0167659
61   7.26621 -0.838832 0.0396899 0.991557 -0.122597 -0.0405943 -0.0117211
62   7.22605  -0.79412 0.0399415 0.969356 -0.24399 -0.0245447 0.0146579
63   7.71494  -1.09166 0.0370807 0.934511 -0.348178 -0.071606 -0.0182601
64   7.77357  -1.23747 0.0292612 0.890896 -0.451592 -0.030556 -0.037898
65    8.1367  -1.73149 0.0502497 0.951561 -0.302737 -0.0523392 -0.0119724
66   8.14917  -1.67761 0.0442709 0.98535 -0.163439 -0.045363 0.0177516
67   8.16738  -1.64075 0.0469235 0.998033 -0.0209414 -0.046847 0.0360035
68    8.1913  -1.64685 0.0384837 0.982964 0.176761 -0.0453078 0.022027
69   8.21005  -1.65329 0.0416039 0.959681 0.274279 -0.0598422 0.0142298
70   8.21146  -1.61648 0.0328797 0.894306 0.442886 -0.0564943 0.029604
71   8.16789  -1.57989 0.0439642 0.832199 0.549151 -0.0355941 0.067903
72   8.54161 -0.639096 0.0440678 0.876465 0.479495 -0.029395 0.0320914
73   8.52072 -0.591043 0.0524907 0.937854 0.339676 -0.0400222 0.0587238
74   8.53174 -0.593812  0.040068 0.972667 0.2203 -0.0574975 0.0456222
75   9.28094 -0.365273 0.0402838 0.991827 0.113613 -0.0556007 0.0167091
76    10.2466 -0.0591084  0.0641566 0.980424 0.186402 -0.0352664 0.0527189
77   11.2449   0.15353 0.0753805 0.992005 0.113395 -0.0552854 0.00349193
78   11.8916   0.37222 0.0750166 0.972679 0.221507 -0.058005 0.0382923
79   12.0849  0.456877 0.0913548 0.945273 0.320878 -0.0565111 0.0174102
80   12.7107  0.951925 0.0954798 0.973269 0.223071 -0.0460703 0.0294013
81   13.631  1.39308 0.106109 0.960504 0.267555 -0.0708306 0.0288005
82  14.5444  1.88171 0.108272 0.981396 0.18624 -0.0466309 -0.00116824
83   14.851  2.04626 0.108521 0.955699 0.289429 -0.025334 0.0472027
84   15.083  2.12549 0.119781 0.980731 0.188203 -0.0518847 0.00742007
85  15.3778  2.28638 0.113347 0.952555 0.298963 -0.0295892 0.0488369
86  15.6391  2.39444 0.127913 0.981028 0.18775 -0.0474184 0.0092874
87  15.9341  2.54723 0.122386 0.954338 0.293163 -0.0338044 0.0463945
88  16.1876  2.63001 0.133276 0.980602 0.188264 -0.0545253 -0.0020405
89  16.3601  2.74729 0.143877 0.945919 0.320214 -0.0280338 0.0437431
90  16.3588  2.76085 0.146504 0.903018 0.427617 -0.0214508 0.0352493
91  16.3765   2.7721 0.147424 0.836043 0.546054 -0.0346611 0.0406802
92   16.352  2.77928 0.144539 0.763516 0.644202 -0.0201006 0.0405481
93  16.3472  2.80489 0.142805 0.669701 0.740007 -0.0202878 0.058979
94  16.3245  2.82079 0.146091 0.585895 0.80885 -0.00852404 0.0491516
95  16.3128  2.84522 0.139671 0.479732 0.874905 -0.0100507 0.0655501
96 16.2999 2.84353 0.15771 0.571448 0.818922 -0.00813172 0.0524197
97  16.3505  2.83214 0.154618 0.665198 0.745263 -0.0212656 0.0405245
98  16.2345  3.86293 0.155545 0.665269 0.744536 -0.0119814 0.0542135
99  16.1603  4.87666 0.153136 0.654197 0.753119 0.00224184 0.0695216
100  16.1633  4.93181 0.159168 0.564346 0.82387 -0.00905205 0.0516618
101  16.1107   4.8848 0.155824 0.439729 0.89561 0.0335727 0.0582645
102  16.0691  4.87999 0.157906 0.30756 0.948179 0.0340408 0.0721453
103  16.0354  4.89921 0.159884 0.1214 0.990235 0.0129592 0.0673014
104  15.9886  4.89727 0.176055 -0.0516536 0.99469 0.00246445 0.0889777
105  15.9726  4.82715 0.178563 -0.191302 0.977723 0.0454019 0.073482
106   15.946  4.81214 0.168863 -0.332277 0.940032 0.0431664 0.0637886
107  15.8989  4.81645 0.164778 -0.49583 0.864646 0.0192607 0.0785368
108   15.921  4.78576 0.151843 -0.615421 0.784573 0.0406489 0.0636341
109  15.9464  4.65473 0.152945 0.705984 -0.70457 -0.0635526 -0.0335961
110  15.8753  4.10896 0.148756 -0.622005 0.78053 0.0443897 0.0437373
111  15.8596  3.91744 0.145769 -0.700252 0.708759 0.0733181 0.0439461
112 15.8415 3.74498 0.14939 -0.61384 0.786822 0.0512685 0.0385119
113  15.7972  3.44496 0.136031 -0.691423 0.718806 0.0685272 0.0235924
114  15.7515  3.27821 0.148645 -0.606376 0.793323 0.0378772 0.0388848
115  15.6999  3.04131 0.141772 -0.683421 0.726327 0.060258 0.0418718
116 15.6873 2.81322 0.14874 -0.603815 0.794791 0.0461475 0.0397989
117  15.5618  2.36278 0.141172 -0.497588 0.864916 0.0380939 0.0536141
118  15.3212  2.07332 0.146335 -0.406953 0.910911 0.0294317 0.0613541
119  15.2309  2.05359 0.127775 -0.298379 0.950808 0.00274722 0.0832279
120 14.8896 1.88899  0.1262 -0.200301 0.977428 0.00556969 0.0669595
